1   inf  -nan
2   4.5  -0.8
3   3.84615  -1.14286
4   3.63861  -1.42574
5   3.53822  -1.66558
6   3.47939  -1.87354
7   3.44086  -2.05707
8   3.41371  -2.22132
9   3.39356  -2.36996
10   3.37803  -2.50573
11   3.3657  -2.6307
12   3.35568  -2.74647
13   3.34736  -2.85431
14   3.34036  -2.95525
15   3.33439  -3.05013
16   3.32922  -3.13964
17   3.32472  -3.22436
18   3.32076  -3.30479
19   3.31725  -3.38133
20   3.31411  -3.45435
21   3.31129  -3.52417
22   3.30875  -3.59105
23   3.30644  -3.65523
24   3.30434  -3.71693
25   3.30241  -3.77633
26   3.30064  -3.8336
27   3.29901  -3.88889
28   3.2975  -3.94232
29   3.2961  -3.99403
30   3.2948  -4.04412
31   3.29359  -4.09268
32   3.29245  -4.13982
33   3.29139  -4.18561
34   3.29039  -4.23012
35   3.28945  -4.27343
36   3.28857  -4.31561
37   3.28774  -4.3567
38   3.28695  -4.39676
39   3.2862  -4.43585
40   3.28549  -4.47401
41   3.28482  -4.51129
42   3.28418  -4.54772
43   3.28357  -4.58334
44   3.28299  -4.61819
45   3.28244  -4.65229
46   3.28191  -4.68569
47   3.28141  -4.71842
48   3.28092  -4.75048
49   3.28046  -4.78193
50   3.28002  -4.81276
51   3.27959  -4.84302
52   3.27918  -4.87273
53   3.27879  -4.90189
54   3.27841  -4.93053
55   3.27804  -4.95868
56   3.27769  -4.98634
57   3.27735  -5.01353
58   3.27703  -5.04027
59   3.27671  -5.06658
60   3.27641  -5.09246
61   3.27611  -5.11794
62   3.27583  -5.14302
63   3.27556  -5.16771
64   3.27529  -5.19203
65   3.27503  -5.21599
66   3.27478  -5.2396
67   3.27454  -5.26287
68   3.2743  -5.28581
69   3.27408  -5.30843
70   3.27385  -5.33074
71   3.27364  -5.35274
72   3.27343  -5.37444
73   3.27323  -5.39586
74   3.27303  -5.417
75   3.27284  -5.43786
76   3.27265  -5.45846
77   3.27247  -5.4788
78   3.27229  -5.49888
79   3.27212  -5.51872
80   3.27195  -5.53832
81   3.27178  -5.55769
82   3.27162  -5.57682
83   3.27147  -5.59573
84   3.27132  -5.61442
85   3.27117  -5.6329
86   3.27102  -5.65117
87   3.27088  -5.66924
88   3.27074  -5.6871
89   3.27061  -5.70477
90   3.27047  -5.72225
91   3.27035  -5.73954
92   3.27022  -5.75665
93   3.27009  -5.77358
94   3.26997  -5.79034
95   3.26986  -5.80692
96   3.26974  -5.82334
97   3.26963  -5.83959
98   3.26951  -5.85568
99   3.26941  -5.87161
100   3.2693  -5.88738
101   3.26919  -5.90301
102   3.26909  -5.91848
103   3.26899  -5.93381
104   3.26889  -5.94899
105   3.2688  -5.96403
106   3.2687  -5.97894
107   3.26861  -5.9937
108   3.26852  -6.00834
109   3.26843  -6.02284
110   3.26834  -6.03721
111   3.26825  -6.05146
112   3.26817  -6.06559
113   3.26809  -6.07959
114   3.268  -6.09347
115   3.26792  -6.10723
116   3.26785  -6.12088
117   3.26777  -6.13441
118   3.26769  -6.14784
119   3.26762  -6.16115
120   3.26754  -6.17435
121   3.26747  -6.18744
122   3.2674  -6.20044
123   3.26733  -6.21332
124   3.26726  -6.22611
125   3.26719  -6.2388
126   3.26713  -6.25138
127   3.26706  -6.26387
128   3.267  -6.27627
129   3.26693  -6.28857
130   3.26687  -6.30078
131   3.26681  -6.31289
132   3.26675  -6.32492
133   3.26669  -6.33686
134   3.26663  -6.34871
135   3.26657  -6.36047
136   3.26651  -6.37215
137   3.26646  -6.38375
138   3.2664  -6.39526
139   3.26635  -6.4067
140   3.26629  -6.41805
141   3.26624  -6.42932
142   3.26619  -6.44052
143   3.26614  -6.45164
144   3.26609  -6.46268
145   3.26604  -6.47365
146   3.26599  -6.48455
147   3.26594  -6.49537
148   3.26589  -6.50612
149   3.26584  -6.5168
150   3.2658  -6.52741
151   3.26575  -6.53795
152   3.2657  -6.54842
153   3.26566  -6.55883
154   3.26562  -6.56917
155   3.26557  -6.57944
156   3.26553  -6.58965
157   3.26549  -6.5998
158   3.26544  -6.60988
159   3.2654  -6.6199
160   3.26536  -6.62986
161   3.26532  -6.63976
162   3.26528  -6.64959
163   3.26524  -6.65937
164   3.2652  -6.66909
165   3.26516  -6.67876
166   3.26512  -6.68836
167   3.26509  -6.69791
168   3.26505  -6.7074
169   3.26501  -6.71684
170   3.26498  -6.72622
171   3.26494  -6.73555
172   3.26491  -6.74482
173   3.26487  -6.75405
174   3.26484  -6.76322
175   3.2648  -6.77234
176   3.26477  -6.78141
177   3.26473  -6.79042
178   3.2647  -6.79939
179   3.26467  -6.80831
180   3.26464  -6.81718
181   3.2646  -6.826
182   3.26457  -6.83477
183   3.26454  -6.8435
184   3.26451  -6.85218
185   3.26448  -6.86082
186   3.26445  -6.8694
187   3.26442  -6.87795
188   3.26439  -6.88644
189   3.26436  -6.8949
190   3.26433  -6.90331
191   3.2643  -6.91168
192   3.26427  -6.92
193   3.26425  -6.92828
194   3.26422  -6.93652
195   3.26419  -6.94472
196   3.26416  -6.95288
197   3.26414  -6.96099
198   3.26411  -6.96907
199   3.26408  -6.9771
200   3.26406  -6.9851
201   3.26403  -6.99306
202   3.26401  -7.00097
203   3.26398  -7.00885
204   3.26396  -7.01669
205   3.26393  -7.0245
206   3.26391  -7.03226
207   3.26388  -7.03999
208   3.26386  -7.04769
209   3.26383  -7.05534
210   3.26381  -7.06296
211   3.26379  -7.07055
212   3.26376  -7.0781
213   3.26374  -7.08561
214   3.26372  -7.09309
215   3.26369  -7.10054
216   3.26367  -7.10795
217   3.26365  -7.11533
218   3.26363  -7.12268
219   3.26361  -7.12999
220   3.26358  -7.13727
221   3.26356  -7.14451
222   3.26354  -7.15173
223   3.26352  -7.15891
224   3.2635  -7.16606
225   3.26348  -7.17318
226   3.26346  -7.18027
227   3.26344  -7.18733
228   3.26342  -7.19435
229   3.2634  -7.20135
230   3.26338  -7.20832
231   3.26336  -7.21525
232   3.26334  -7.22216
233   3.26332  -7.22904
234   3.2633  -7.23589
235   3.26328  -7.24271
236   3.26326  -7.2495
237   3.26325  -7.25627
238   3.26323  -7.263
239   3.26321  -7.26971
240   3.26319  -7.27639
241   3.26317  -7.28304
242   3.26316  -7.28967
243   3.26314  -7.29627
244   3.26312  -7.30284
245   3.2631  -7.30939
246   3.26309  -7.31591
247   3.26307  -7.3224
248   3.26305  -7.32887
249   3.26303  -7.33531
250   3.26302  -7.34172
251   3.263  -7.34812
252   3.26299  -7.35448
253   3.26297  -7.36082
254   3.26295  -7.36714
255   3.26294  -7.37343
256   3.26292  -7.3797
257   3.2629  -7.38594
258   3.26289  -7.39216
259   3.26287  -7.39836
260   3.26286  -7.40453
261   3.26284  -7.41068
262   3.26283  -7.41681
263   3.26281  -7.42291
264   3.2628  -7.42899
265   3.26278  -7.43505
266   3.26277  -7.44108
267   3.26275  -7.4471
268   3.26274  -7.45309
269   3.26272  -7.45906
270   3.26271  -7.465
271   3.2627  -7.47093
272   3.26268  -7.47683
273   3.26267  -7.48271
274   3.26265  -7.48858
275   3.26264  -7.49442
276   3.26263  -7.50023
277   3.26261  -7.50603
278   3.2626  -7.51181
279   3.26259  -7.51757
280   3.26257  -7.5233
281   3.26256  -7.52902
282   3.26255  -7.53472
283   3.26253  -7.54039
284   3.26252  -7.54605
285   3.26251  -7.55169
286   3.2625  -7.55731
287   3.26248  -7.5629
288   3.26247  -7.56848
289   3.26246  -7.57404
290   3.26245  -7.57959
291   3.26243  -7.58511
292   3.26242  -7.59061
293   3.26241  -7.5961
294   3.2624  -7.60156
295   3.26239  -7.60701
296   3.26237  -7.61244
297   3.26236  -7.61785
298   3.26235  -7.62325
299   3.26234  -7.62862
300   3.26233  -7.63398
301   3.26232  -7.63932
302   3.2623  -7.64465
303   3.26229  -7.64995
304   3.26228  -7.65524
305   3.26227  -7.66051
306   3.26226  -7.66577
307   3.26225  -7.67101
308   3.26224  -7.67623
309   3.26223  -7.68143
310   3.26222  -7.68662
311   3.2622  -7.69179
312   3.26219  -7.69694
313   3.26218  -7.70208
314   3.26217  -7.70721
315   3.26216  -7.71231
316   3.26215  -7.7174
317   3.26214  -7.72248
318   3.26213  -7.72753
319   3.26212  -7.73258
320   3.26211  -7.7376
321   3.2621  -7.74262
322   3.26209  -7.74761
323   3.26208  -7.75259
324   3.26207  -7.75756
325   3.26206  -7.76251
326   3.26205  -7.76744
327   3.26204  -7.77236
328   3.26203  -7.77727
329   3.26202  -7.78216
330   3.26201  -7.78704
331   3.262  -7.7919
332   3.26199  -7.79675
333   3.26198  -7.80158
334   3.26198  -7.8064
335   3.26197  -7.8112
336   3.26196  -7.81599
337   3.26195  -7.82077
338   3.26194  -7.82553
339   3.26193  -7.83028
340   3.26192  -7.83501
341   3.26191  -7.83973
342   3.2619  -7.84444
343   3.26189  -7.84913
344   3.26189  -7.85381
345   3.26188  -7.85848
346   3.26187  -7.86313
347   3.26186  -7.86777
348   3.26185  -7.8724
349   3.26184  -7.87701
350   3.26183  -7.88161
351   3.26183  -7.8862
352   3.26182  -7.89078
353   3.26181  -7.89534
354   3.2618  -7.89989
355   3.26179  -7.90442
356   3.26178  -7.90895
357   3.26178  -7.91346
358   3.26177  -7.91796
359   3.26176  -7.92244
360   3.26175  -7.92692
361   3.26174  -7.93138
362   3.26174  -7.93583
363   3.26173  -7.94026
364   3.26172  -7.94469
365   3.26171  -7.9491
366   3.2617  -7.9535
367   3.2617  -7.95789
368   3.26169  -7.96227
369   3.26168  -7.96663
370   3.26167  -7.97099
371   3.26167  -7.97533
372   3.26166  -7.97966
373   3.26165  -7.98398
374   3.26164  -7.98829
375   3.26164  -7.99259
376   3.26163  -7.99687
377   3.26162  -8.00114
378   3.26162  -8.00541
379   3.26161  -8.00966
380   3.2616  -8.0139
381   3.26159  -8.01813
382   3.26159  -8.02235
383   3.26158  -8.02655
384   3.26157  -8.03075
385   3.26157  -8.03494
386   3.26156  -8.03911
387   3.26155  -8.04328
388   3.26154  -8.04743
389   3.26154  -8.05157
390   3.26153  -8.05571
391   3.26152  -8.05983
392   3.26152  -8.06394
393   3.26151  -8.06804
394   3.2615  -8.07213
395   3.2615  -8.07621
396   3.26149  -8.08028
397   3.26148  -8.08435
398   3.26148  -8.0884
399   3.26147  -8.09244
400   3.26146  -8.09647
401   3.26146  -8.10049
402   3.26145  -8.1045
403   3.26145  -8.1085
404   3.26144  -8.11249
405   3.26143  -8.11647
406   3.26143  -8.12044
407   3.26142  -8.1244
408   3.26141  -8.12835
409   3.26141  -8.1323
410   3.2614  -8.13623
411   3.2614  -8.14015
412   3.26139  -8.14407
413   3.26138  -8.14797
414   3.26138  -8.15187
415   3.26137  -8.15575
416   3.26137  -8.15963
417   3.26136  -8.1635
418   3.26135  -8.16735
419   3.26135  -8.1712
420   3.26134  -8.17504
421   3.26134  -8.17887
422   3.26133  -8.1827
423   3.26132  -8.18651
424   3.26132  -8.19031
425   3.26131  -8.19411
426   3.26131  -8.19789
427   3.2613  -8.20167
428   3.2613  -8.20544
429   3.26129  -8.2092
430   3.26128  -8.21295
431   3.26128  -8.2167
432   3.26127  -8.22043
433   3.26127  -8.22416
434   3.26126  -8.22787
435   3.26126  -8.23158
436   3.26125  -8.23528
437   3.26125  -8.23897
438   3.26124  -8.24266
439   3.26124  -8.24633
440   3.26123  -8.25
441   3.26122  -8.25366
442   3.26122  -8.25731
443   3.26121  -8.26095
444   3.26121  -8.26458
445   3.2612  -8.26821
446   3.2612  -8.27183
447   3.26119  -8.27544
448   3.26119  -8.27904
449   3.26118  -8.28263
450   3.26118  -8.28622
451   3.26117  -8.2898
452   3.26117  -8.29337
453   3.26116  -8.29693
454   3.26116  -8.30048
455   3.26115  -8.30403
456   3.26115  -8.30757
457   3.26114  -8.3111
458   3.26114  -8.31463
459   3.26113  -8.31814
460   3.26113  -8.32165
461   3.26112  -8.32515
462   3.26112  -8.32865
463   3.26111  -8.33213
464   3.26111  -8.33561
465   3.2611  -8.33908
466   3.2611  -8.34255
467   3.26109  -8.346
468   3.26109  -8.34945
469   3.26109  -8.35289
470   3.26108  -8.35633
471   3.26108  -8.35976
472   3.26107  -8.36318
473   3.26107  -8.36659
474   3.26106  -8.36999
475   3.26106  -8.37339
476   3.26105  -8.37678
477   3.26105  -8.38017
478   3.26104  -8.38355
479   3.26104  -8.38692
480   3.26103  -8.39028
481   3.26103  -8.39364
482   3.26103  -8.39699
483   3.26102  -8.40033
484   3.26102  -8.40367
485   3.26101  -8.40699
486   3.26101  -8.41032
487   3.261  -8.41363
488   3.261  -8.41694
489   3.261  -8.42024
490   3.26099  -8.42354
491   3.26099  -8.42683
492   3.26098  -8.43011
493   3.26098  -8.43339
494   3.26097  -8.43665
495   3.26097  -8.43992
496   3.26097  -8.44317
497   3.26096  -8.44642
498   3.26096  -8.44967
499   3.26095  -8.4529
500   3.26095  -8.45613
501   3.26094  -8.45936
502   3.26094  -8.46257
503   3.26094  -8.46578
504   3.26093  -8.46899
505   3.26093  -8.47219
506   3.26092  -8.47538
507   3.26092  -8.47856
508   3.26092  -8.48174
509   3.26091  -8.48492
510   3.26091  -8.48808
511   3.2609  -8.49124
512   3.2609  -8.4944
513   3.2609  -8.49755
514   3.26089  -8.50069
515   3.26089  -8.50383
516   3.26088  -8.50696
517   3.26088  -8.51008
518   3.26088  -8.5132
519   3.26087  -8.51631
520   3.26087  -8.51942
521   3.26087  -8.52252
522   3.26086  -8.52562
523   3.26086  -8.52871
524   3.26085  -8.53179
525   3.26085  -8.53487
526   3.26085  -8.53794
527   3.26084  -8.541
528   3.26084  -8.54406
529   3.26084  -8.54712
530   3.26083  -8.55017
531   3.26083  -8.55321
532   3.26082  -8.55625
533   3.26082  -8.55928
534   3.26082  -8.5623
535   3.26081  -8.56532
536   3.26081  -8.56834
537   3.26081  -8.57135
538   3.2608  -8.57435
539   3.2608  -8.57735
540   3.2608  -8.58034
541   3.26079  -8.58333
542   3.26079  -8.58631
543   3.26079  -8.58928
544   3.26078  -8.59225
545   3.26078  -8.59522
546   3.26077  -8.59818
547   3.26077  -8.60113
548   3.26077  -8.60408
549   3.26076  -8.60703
550   3.26076  -8.60996
551   3.26076  -8.6129
552   3.26075  -8.61583
553   3.26075  -8.61875
554   3.26075  -8.62167
555   3.26074  -8.62458
556   3.26074  -8.62748
557   3.26074  -8.63039
558   3.26073  -8.63328
559   3.26073  -8.63617
560   3.26073  -8.63906
561   3.26072  -8.64194
562   3.26072  -8.64482
563   3.26072  -8.64769
564   3.26071  -8.65055
565   3.26071  -8.65342
566   3.26071  -8.65627
567   3.2607  -8.65912
568   3.2607  -8.66197
569   3.2607  -8.66481
570   3.2607  -8.66764
571   3.26069  -8.67048
572   3.26069  -8.6733
573   3.26069  -8.67612
574   3.26068  -8.67894
575   3.26068  -8.68175
576   3.26068  -8.68456
577   3.26067  -8.68736
578   3.26067  -8.69016
579   3.26067  -8.69295
580   3.26066  -8.69574
581   3.26066  -8.69852
582   3.26066  -8.7013
583   3.26066  -8.70407
584   3.26065  -8.70684
585   3.26065  -8.7096
586   3.26065  -8.71236
587   3.26064  -8.71511
588   3.26064  -8.71786
589   3.26064  -8.72061
590   3.26063  -8.72335
591   3.26063  -8.72609
592   3.26063  -8.72882
593   3.26063  -8.73154
594   3.26062  -8.73427
595   3.26062  -8.73698
596   3.26062  -8.7397
597   3.26061  -8.7424
598   3.26061  -8.74511
599   3.26061  -8.74781
600   3.2606  -8.7505
601   3.2606  -8.75319
602   3.2606  -8.75588
603   3.2606  -8.75856
604   3.26059  -8.76124
605   3.26059  -8.76391
606   3.26059  -8.76658
607   3.26059  -8.76924
608   3.26058  -8.7719
609   3.26058  -8.77456
610   3.26058  -8.77721
611   3.26057  -8.77986
612   3.26057  -8.7825
613   3.26057  -8.78514
614   3.26057  -8.78777
615   3.26056  -8.7904
616   3.26056  -8.79303
617   3.26056  -8.79565
618   3.26055  -8.79827
619   3.26055  -8.80088
620   3.26055  -8.80349
621   3.26055  -8.80609
622   3.26054  -8.80869
623   3.26054  -8.81129
624   3.26054  -8.81388
625   3.26054  -8.81647
626   3.26053  -8.81905
627   3.26053  -8.82163
628   3.26053  -8.82421
629   3.26053  -8.82678
630   3.26052  -8.82935
631   3.26052  -8.83191
632   3.26052  -8.83447
633   3.26052  -8.83702
634   3.26051  -8.83958
635   3.26051  -8.84212
636   3.26051  -8.84467
637   3.26051  -8.84721
638   3.2605  -8.84974
639   3.2605  -8.85227
640   3.2605  -8.8548
641   3.2605  -8.85732
642   3.26049  -8.85984
643   3.26049  -8.86236
644   3.26049  -8.86487
645   3.26049  -8.86738
646   3.26048  -8.86988
647   3.26048  -8.87238
648   3.26048  -8.87488
649   3.26048  -8.87737
650   3.26047  -8.87986
651   3.26047  -8.88235
652   3.26047  -8.88483
653   3.26047  -8.88731
654   3.26046  -8.88978
655   3.26046  -8.89225
656   3.26046  -8.89472
657   3.26046  -8.89718
658   3.26045  -8.89964
659   3.26045  -8.90209
660   3.26045  -8.90454
661   3.26045  -8.90699
662   3.26044  -8.90944
663   3.26044  -8.91188
664   3.26044  -8.91431
665   3.26044  -8.91675
666   3.26043  -8.91918
667   3.26043  -8.9216
668   3.26043  -8.92402
669   3.26043  -8.92644
670   3.26043  -8.92886
671   3.26042  -8.93127
672   3.26042  -8.93368
673   3.26042  -8.93608
674   3.26042  -8.93848
675   3.26041  -8.94088
676   3.26041  -8.94327
677   3.26041  -8.94566
678   3.26041  -8.94805
679   3.26041  -8.95043
680   3.2604  -8.95281
681   3.2604  -8.95519
682   3.2604  -8.95756
683   3.2604  -8.95993
684   3.26039  -8.9623
685   3.26039  -8.96466
686   3.26039  -8.96702
687   3.26039  -8.96938
688   3.26039  -8.97173
689   3.26038  -8.97408
690   3.26038  -8.97642
691   3.26038  -8.97876
692   3.26038  -8.9811
693   3.26037  -8.98344
694   3.26037  -8.98577
695   3.26037  -8.9881
696   3.26037  -8.99042
697   3.26037  -8.99275
698   3.26036  -8.99507
699   3.26036  -8.99738
700   3.26036  -8.99969
701   3.26036  -9.002
702   3.26036  -9.00431
703   3.26035  -9.00661
704   3.26035  -9.00891
705   3.26035  -9.0112
706   3.26035  -9.0135
707   3.26035  -9.01579
708   3.26034  -9.01807
709   3.26034  -9.02036
710   3.26034  -9.02264
711   3.26034  -9.02491
712   3.26033  -9.02719
713   3.26033  -9.02946
714   3.26033  -9.03172
715   3.26033  -9.03399
716   3.26033  -9.03625
717   3.26032  -9.03851
718   3.26032  -9.04076
719   3.26032  -9.04301
720   3.26032  -9.04526
721   3.26032  -9.0475
722   3.26031  -9.04975
723   3.26031  -9.05199
724   3.26031  -9.05422
725   3.26031  -9.05645
726   3.26031  -9.05868
727   3.2603  -9.06091
728   3.2603  -9.06313
729   3.2603  -9.06536
730   3.2603  -9.06757
731   3.2603  -9.06979
732   3.2603  -9.072
733   3.26029  -9.07421
734   3.26029  -9.07641
735   3.26029  -9.07862
736   3.26029  -9.08082
737   3.26029  -9.08301
738   3.26028  -9.08521
739   3.26028  -9.0874
740   3.26028  -9.08959
741   3.26028  -9.09177
742   3.26028  -9.09395
743   3.26027  -9.09613
744   3.26027  -9.09831
745   3.26027  -9.10048
746   3.26027  -9.10265
747   3.26027  -9.10482
748   3.26027  -9.10698
749   3.26026  -9.10914
750   3.26026  -9.1113
751   3.26026  -9.11346
752   3.26026  -9.11561
753   3.26026  -9.11776
754   3.26025  -9.11991
755   3.26025  -9.12205
756   3.26025  -9.1242
757   3.26025  -9.12634
758   3.26025  -9.12847
759   3.26025  -9.1306
760   3.26024  -9.13274
761   3.26024  -9.13486
762   3.26024  -9.13699
763   3.26024  -9.13911
764   3.26024  -9.14123
765   3.26023  -9.14335
766   3.26023  -9.14546
767   3.26023  -9.14757
768   3.26023  -9.14968
769   3.26023  -9.15179
770   3.26023  -9.15389
771   3.26022  -9.15599
772   3.26022  -9.15809
773   3.26022  -9.16018
774   3.26022  -9.16227
775   3.26022  -9.16436
776   3.26022  -9.16645
777   3.26021  -9.16853
778   3.26021  -9.17062
779   3.26021  -9.1727
780   3.26021  -9.17477
781   3.26021  -9.17685
782   3.26021  -9.17892
783   3.2602  -9.18098
784   3.2602  -9.18305
785   3.2602  -9.18511
786   3.2602  -9.18717
787   3.2602  -9.18923
788   3.2602  -9.19129
789   3.26019  -9.19334
790   3.26019  -9.19539
791   3.26019  -9.19744
792   3.26019  -9.19948
793   3.26019  -9.20152
794   3.26019  -9.20356
795   3.26018  -9.2056
796   3.26018  -9.20764
797   3.26018  -9.20967
798   3.26018  -9.2117
799   3.26018  -9.21372
800   3.26018  -9.21575
801   3.26017  -9.21777
802   3.26017  -9.21979
803   3.26017  -9.22181
804   3.26017  -9.22382
805   3.26017  -9.22583
806   3.26017  -9.22784
807   3.26016  -9.22985
808   3.26016  -9.23186
809   3.26016  -9.23386
810   3.26016  -9.23586
811   3.26016  -9.23785
812   3.26016  -9.23985
813   3.26016  -9.24184
814   3.26015  -9.24383
815   3.26015  -9.24582
816   3.26015  -9.2478
817   3.26015  -9.24979
818   3.26015  -9.25177
819   3.26015  -9.25375
820   3.26014  -9.25572
821   3.26014  -9.25769
822   3.26014  -9.25966
823   3.26014  -9.26163
824   3.26014  -9.2636
825   3.26014  -9.26556
826   3.26014  -9.26752
827   3.26013  -9.26948
828   3.26013  -9.27144
829   3.26013  -9.27339
830   3.26013  -9.27534
831   3.26013  -9.27729
832   3.26013  -9.27924
833   3.26012  -9.28119
834   3.26012  -9.28313
835   3.26012  -9.28507
836   3.26012  -9.28701
837   3.26012  -9.28894
838   3.26012  -9.29087
839   3.26012  -9.29281
840   3.26011  -9.29473
841   3.26011  -9.29666
842   3.26011  -9.29858
843   3.26011  -9.30051
844   3.26011  -9.30243
845   3.26011  -9.30434
846   3.26011  -9.30626
847   3.2601  -9.30817
848   3.2601  -9.31008
849   3.2601  -9.31199
850   3.2601  -9.3139
851   3.2601  -9.3158
852   3.2601  -9.3177
853   3.2601  -9.3196
854   3.26009  -9.3215
855   3.26009  -9.32339
856   3.26009  -9.32529
857   3.26009  -9.32718
858   3.26009  -9.32906
859   3.26009  -9.33095
860   3.26009  -9.33283
861   3.26008  -9.33472
862   3.26008  -9.3366
863   3.26008  -9.33847
864   3.26008  -9.34035
865   3.26008  -9.34222
866   3.26008  -9.34409
867   3.26008  -9.34596
868   3.26007  -9.34783
869   3.26007  -9.34969
870   3.26007  -9.35156
871   3.26007  -9.35342
872   3.26007  -9.35527
873   3.26007  -9.35713
874   3.26007  -9.35898
875   3.26007  -9.36084
876   3.26006  -9.36269
877   3.26006  -9.36453
878   3.26006  -9.36638
879   3.26006  -9.36822
880   3.26006  -9.37006
881   3.26006  -9.3719
882   3.26006  -9.37374
883   3.26005  -9.37558
884   3.26005  -9.37741
885   3.26005  -9.37924
886   3.26005  -9.38107
887   3.26005  -9.3829
888   3.26005  -9.38472
889   3.26005  -9.38654
890   3.26005  -9.38836
891   3.26004  -9.39018
892   3.26004  -9.392
893   3.26004  -9.39381
894   3.26004  -9.39563
895   3.26004  -9.39744
896   3.26004  -9.39925
897   3.26004  -9.40105
898   3.26004  -9.40286
899   3.26003  -9.40466
900   3.26003  -9.40646
901   3.26003  -9.40826
902   3.26003  -9.41006
903   3.26003  -9.41185
904   3.26003  -9.41364
905   3.26003  -9.41543
906   3.26003  -9.41722
907   3.26002  -9.41901
908   3.26002  -9.42079
909   3.26002  -9.42258
910   3.26002  -9.42436
911   3.26002  -9.42614
912   3.26002  -9.42791
913   3.26002  -9.42969
914   3.26002  -9.43146
915   3.26001  -9.43323
916   3.26001  -9.435
917   3.26001  -9.43677
918   3.26001  -9.43854
919   3.26001  -9.4403
920   3.26001  -9.44206
921   3.26001  -9.44382
922   3.26001  -9.44558
923   3.26  -9.44733
924   3.26  -9.44909
925   3.26  -9.45084
926   3.26  -9.45259
927   3.26  -9.45434
928   3.26  -9.45609
929   3.26  -9.45783
930   3.26  -9.45957
931   3.25999  -9.46131
932   3.25999  -9.46305
933   3.25999  -9.46479
934   3.25999  -9.46653
935   3.25999  -9.46826
936   3.25999  -9.46999
937   3.25999  -9.47172
938   3.25999  -9.47345
939   3.25999  -9.47518
940   3.25998  -9.4769
941   3.25998  -9.47862
942   3.25998  -9.48034
943   3.25998  -9.48206
944   3.25998  -9.48378
945   3.25998  -9.48549
946   3.25998  -9.48721
947   3.25998  -9.48892
948   3.25997  -9.49063
949   3.25997  -9.49234
950   3.25997  -9.49404
951   3.25997  -9.49575
952   3.25997  -9.49745
953   3.25997  -9.49915
954   3.25997  -9.50085
955   3.25997  -9.50255
956   3.25997  -9.50424
957   3.25996  -9.50594
958   3.25996  -9.50763
959   3.25996  -9.50932
960   3.25996  -9.51101
961   3.25996  -9.5127
962   3.25996  -9.51438
963   3.25996  -9.51606
964   3.25996  -9.51775
965   3.25996  -9.51943
966   3.25995  -9.5211
967   3.25995  -9.52278
968   3.25995  -9.52446
969   3.25995  -9.52613
970   3.25995  -9.5278
971   3.25995  -9.52947
972   3.25995  -9.53114
973   3.25995  -9.5328
974   3.25995  -9.53447
975   3.25994  -9.53613
976   3.25994  -9.53779
977   3.25994  -9.53945
978   3.25994  -9.54111
979   3.25994  -9.54276
980   3.25994  -9.54442
981   3.25994  -9.54607
982   3.25994  -9.54772
983   3.25994  -9.54937
984   3.25994  -9.55102
985   3.25993  -9.55266
986   3.25993  -9.55431
987   3.25993  -9.55595
988   3.25993  -9.55759
989   3.25993  -9.55923
990   3.25993  -9.56087
991   3.25993  -9.56251
992   3.25993  -9.56414
993   3.25993  -9.56577
994   3.25992  -9.5674
995   3.25992  -9.56903
996   3.25992  -9.57066
997   3.25992  -9.57229
998   3.25992  -9.57391
999   3.25992  -9.57553
